	의정부북부	374	67	4
	의정부	406	67	4
	회룡	439	67	4
	망월사	472	67	4
	도봉산	511	68	4
	도봉	539	67	4
	방학	565	67	4
	창동	600	67	4
	녹천	619	86	1
	월계	640	104	1
	성북	660	121	1
	석계	677	138	1
	신이문	679	160	0
	외대앞	679	178	0
	회기	679	198	0
	청량리(지하)	664	224	0
	제기동	627	224	0
	신설동	593	224	0
	동대문	525	224	0
	종로5가	488	225	0
	종로3가	449	224	0
	종각	420	233	0
	시청	409	274	0
	서울역	409	302	3
	남영	409	327	0
	용산	409	356	0
	노량진	367	402	0
	대방	328	403	0
	신길	306	378	0
	영등포	288	400	0
	신도림	263	403	0
	구로	214	445	0
	구일 	196	444	0
	개봉	180	444	0
	오류동 	162	444	0
	온수	140	445	0
	역곡	121	462	0
	소사	107	476	0
	부천	107	493	0
	중동	107	510	0
	송내	107	526	0
	부개	107	543	0
	부평	107	560	0
	백운	107	577	0
	동암	107	593	0
	간석	107	610	1
	주안	107	626	1
	도화	118	643	1
	제물포	129	658	1
	도원	149	659	4
	동인천	170	659	4
	인천	191	659	4
	가리봉	215	474	0
	독산	217	494	1
	시흥	232	509	1
	석수	249	525	1
	관악	266	540	1
	안양	283	555	1
	명학	299	570	1
	금정	315	585	1
	군포	333	600	1
	의왕	351	617	0
	성균관대	374	617	0
	화서	396	617	0
	수원	419	616	0
	세류	442	617	0
	병점	465	617	1
	오산	534	617	0
	송탄	580	617	0
	서정리	602	617	0
	평택	648	617	0
	성환	671	617	0
	직산	694	617	0
	두정	716	617	0
	천안	739	617	0
	귤현	77	440	0
	박촌	76	456	0
	일학	76	471	0
	계산	76	487	0
	경인교대입구	76	503	0
	작전	76	517	0
	갈산	76	531	0
	부평구청	76	545	0
	부평시장	90	560	0
	부평	107	559	0
	동수	124	559	0
	부평삼거리	141	560	0
	간석오거리	157	560	0
	인천시청	169	568	0
	예술회관	169	581	0
	인천터미널	170	597	0
	문학경기장	170	611	0
	선학	182	618	0
	신연수	197	618	0
	원인재	212	618	0
	동춘	226	618	0
	동막	241	618	0
	청량리(지상)	679	225	0
	왕십리	621	289	0
	옥수	546	351	0
	한남	510	380	0
	서빙고	475	380	0
	이촌	436	381	0
	응봉	581	323	0
	성수	674	330	1
	건대입구 	716	332	0
	구의	739	339	1
	강변	752	351	1
	성내	759	378	0
	잠실	758	404	0
	신천	725	418	0
	종합운동장 	691	419	0
	삼성	659	418	0
	선릉 	627	418	0
	역삼	585	419	0
	강남	559	442	0
	교대	529	466	0
	서초	503	489	0
	방배	472	491	0
	사당	437	490	0
	낙성대	409	490	0
	서울대입구	383	490	0
	봉천	362	472	0
	신림	334	470	0
	신대방	304	471	0
	구로공단	283	452	0
	대림	264	431	0
	문래	263	378	0
	영등포구청	263	353	0
	당산	278	336	0
	합정	302	314	0
	홍대입구	318	301	0
	신촌	332	289	0
	이대	345	276	0
	아현	364	275	0
	충정로	385	275	0
	을지로입구	428	257	0
	을지로3가	449	255	0
	을지로4가	484	254	0
	동대문운동장	524	254	0
	신당	559	255	0
	상왕십리	591	266	1
	한양대	640	305	1
	뚝섬	657	318	1
	신답	620	253	0
	용답	674	304	0
	도림천	217	404	0
	양천구청	175	404	0
	신정네거리	141	386	0
	까치산	141	354	0
	지축 	274	103	1
	구파발	295	121	1
	연신내	318	142	1
	불광	345	166	1
	녹번	358	179	1
	홍제	369	188	1
	무악재	387	194	1
	독립문	406	194	0
	경복궁	427	194	0
	안국	448	196	0
	충무로	502	279	1
	동대입구	523	296	1
	약수	539	310	1
	금호	545	331	0
	압구정	545	391	0
	신사	531	408	0
	잠원	512	426	1
	고속터미널	512	447	1
	남부터미널	560	492	0
	양재	589	492	0
	매봉	622	492	0
	도곡	653	467	0
	대치	694	466	0
	학여울	734	466	0
	대청	748	512	0
	일원	775	512	0
	수서	804	511	0
	대화	80	102	0
	주엽	98	102	0
	정발산	121	102	0
	마두	144	102	0
	백석	167	102	0
	대곡	187	102	0
	화정	210	102	0
	원당	231	101	0
	삼송	253	101	0
	한티	628	443	0
	구룡	674	487	0
	개포동	708	492	0
	대모산입구	737	492	0
	복정	852	524	0
	경원대	853	556	2
	태평	853	587	2
	모란	853	618	3
	야탑	842	639	3
	이매	827	658	0
	서현	801	658	0
	수내	771	658	0
	정자	740	659	0
	미금	712	658	0
	오리	686	658	0
	보정	661	658	0
	당고개	750	68	0
	상계	711	68	0
	노원	665	68	0
	쌍문	581	83	3
	수유	566	96	3
	미아	551	109	3
	미아삼거리	536	122	3
	길음	525	149	2
	성신여대입구	525	167	2
	한성대	525	186	2
	혜화	525	203	2
	명동	480	300	3
	회현	447	301	3
	숙대입구	434	320	0
	삼각지	436	342	0
	신용산	437	361	0
	동작	437	426	0
	총신대입구	437	467	3
	남태령	436	513	3
	선바위	437	532	3
	경마공원	437	549	3
	대공원	425	561	0
	과천	406	562	0
	정부과천청사	386	562	0
	인덕원	366	562	0
	평촌	346	562	0
	범계	331	569	0
	산본	297	600	0
	수리산	278	617	0
	대야미	299	638	0
	반월	321	658	0
	상록수	344	658	0
	한대앞	364	658	0
	중앙	387	658	0
	고잔	409	658	0
	공단	431	658	0
	안산	454	658	0
	신길온천	477	658	0
	정왕	499	658	0
	오이도	522	658	0
	방화	77	226	2
	개화산	77	246	2
	김포공항	77	265	2
	송정	77	284	2
	마곡 	80	298	1
	발산	94	312	1
	우장산	110	327	1
	화곡	124	339	1
	신정	165	354	4
	목동	189	354	4
	오목교	213	354	4
	양평	238	353	4
	영등포시장	280	372	4
	여의도	337	366	0
	여의나루	352	353	0
	마포	372	333	0
	공덕	386	319	0
	애오개	386	298	3
	서대문	387	229	0
	광화문	409	209	0
	청구	559	289	0
	신금호	579	290	0
	행당	597	290	0
	마장	649	290	0
	답십리	673	290	0
	장한평	693	290	0
	군자	717	290	0
	아차산	760	290	0
	광나루	786	312	0
	천호	823	346	0
	강동	868	349	0
	둔촌	870	378	3
	올림픽공원	871	406	3
	방이	871	435	1
	오금	885	457	1
	개농	903	473	1
	거여	919	488	1
	마천	936	503	1
	길동	887	333	0
	굽은다리	905	316	0
	명일	923	301	0
	고덕	941	284	2
	상일동	959	268	0
	봉화산	779	137	0
	화랑대	748	137	0
	태릉입구	716	137	0
	돌곶이	655	137	0
	상월곡	635	138	0
	월곡	619	152	0
	고려대	604	168	0
	안암	589	181	0
	보문	574	196	0
	창신	560	210	2
	동묘앞	560	231	0
	버티고개	517	329	0
	한강진	500	343	0
	이태원	479	343	0
	녹사평	463	343	0
	효창공원	399	332	0
	대흥	364	316	0
	광흥창	346	316	0
	상수	326	317	0
	망원	284	298	1
	마포구청	264	280	1
	월드컵경기장	264	258	2
	수색	264	235	2
	증산	264	214	2
	새절	264	193	0
	응암	280	177	0
	구산	300	158	0
	독바위	345	142	0
	역촌	307	179	0
	천왕	153	460	4
	광명	169	473	0
	철산	192	474	0
	남구로	239	451	0
	신풍	285	431	0
	보라매	308	432	0
	신대방삼거리	330	432	0
	장승베기	354	432	0
	상도	376	432	0
	숭실대입구	397	434	2
	남성	416	451	1
	내방	489	467	0
	반포	540	423	0
	논현	569	400	0
	학동	599	399	0
	강남구청	628	399	0
	청담	657	394	0
	뚝섬유원지	691	364	0
	어린이대공원	716	312	3
	중곡	716	269	3
	용마산	716	250	3
	사가정	716	233	3
	면목	716	215	3
	상봉	716	197	3
	중화	716	178	3
	먹골	716	160	3
	공릉	716	113	1
	하계	702	99	1
	중계	685	85	1
	마들	642	50	1
	수락산	573	50	0
	장암	485	49	0
	수진	891	619	0
	신흥	927	617	0
	단대오거리	929	592	1
	남한산성입구	906	570	1
	산성	882	550	1
	장지	852	496	1
	문정	833	477	1
	가락시장	815	460	1
	송파	796	442	1
	석촌	777	426	1
	몽촌토성	779	385	0
	강동구청	798	368	0
	암사	845	326	0
	0	0		

				
