11111111111111111111111
10000000000000000000001
11111111000000000000001
10000001000000000000001
10000001000000000000001
10000000000000000000001
10000001000000000000001
10000001000000000000001
10000001000000000000001
10000001000000000000001
10000001000000000000001
10000001000000000000001
10000001000000000000001
10000001000000000000001
10000001000000000000001
10000001000000000000001
10000001111110000000001
10000001000000000000001
10000001000000000000001
10000001000000000000001
10000001000000000000001
10000000000000000000001
11111111111111111111111
